foreground_ch0.ecsv
# %ECSV 1.0
# ---
# datatype:
# - {name: wavelength, unit: um, datatype: float64}
# - {name: radiance, unit: W / (sr um m2), datatype: float64}
# - {name: transmission, datatype: float64}
# meta: !!omap
# - __serialized_columns__:
#     radiance:
#       __class__: astropy.units.quantity.Quantity
#       unit: !astropy.units.Unit {unit: W / (sr um m2)}
#       value: !astropy.table.SerializedColumn {name: radiance}
#     wavelength:
#       __class__: astropy.units.quantity.Quantity
#       unit: !astropy.units.Unit {unit: um}
#       value: !astropy.table.SerializedColumn {name: wavelength}
# schema: astropy-2.0
wavelength radiance transmission
1.9 0.0 1.0
1.9306532663316582 0.0 1.0
1.9613065326633166 0.0 1.0
1.9919597989949747 0.001 1.0
2.022613065326633 0.0 1.0
2.0532663316582913 0.0 1.0
2.08391959798995 0.0 1.0
2.114572864321608 0.0 1.0
2.145226130653266 0.0 1.0
2.1758793969849246 0.0 1.0
2.2065326633165827 0.0 1.0
2.2371859296482413 0.0 1.0
2.2678391959798994 0.0 1.0
2.2984924623115575 0.0 1.0
2.329145728643216 0.0 1.0
2.359798994974874 0.0 1.0
2.3904522613065327 0.0 1.0
2.4211055276381908 0.0 1.0
2.451758793969849 0.0 1.0
2.4824120603015074 0.0 1.0
2.513065326633166 0.0 1.0
2.543718592964824 0.0 1.0
2.574371859296482 0.0 1.0
2.6050251256281407 0.001 1.0
2.635678391959799 0.0 1.0
2.6663316582914574 0.0 1.0
2.6969849246231155 0.0 1.0
2.7276381909547736 0.0 1.0
2.758291457286432 0.0 1.0
2.78894472361809 0.0 1.0
2.8195979899497488 0.0 1.0
2.850251256281407 0.0 1.0
2.880904522613065 0.0 1.0
2.9115577889447235 0.0 1.0
2.942211055276382 0.0 1.0
2.97286432160804 0.0 1.0
3.0035175879396983 0.0 1.0
3.0341708542713564 0.0 1.0
3.064824120603015 0.0 1.0
3.0954773869346734 0.0 1.0
3.1261306532663315 0.0 1.0
3.1567839195979897 0.0 1.0
3.1874371859296478 0.001 1.0
3.2180904522613063 0.0 1.0
3.248743718592965 0.0 1.0
3.279396984924623 0.0 1.0
3.310050251256281 0.0 1.0
3.3407035175879396 0.0 1.0
3.3713567839195977 0.0 1.0
3.4020100502512562 0.0 1.0
3.4326633165829143 0.0 1.0
3.4633165829145725 0.0 1.0
3.493969849246231 0.0 1.0
3.5246231155778895 0.0 1.0
3.5552763819095476 0.0 1.0
3.5859296482412057 0.0 1.0
3.616582914572864 0.0 1.0
3.6472361809045224 0.0 1.0
3.677889447236181 0.0 1.0
3.708542713567839 0.0 1.0
3.739195979899497 0.0 1.0
3.7698492462311552 0.0 1.0
3.800502512562814 0.001 1.0
3.8311557788944723 0.0 1.0
3.8618090452261304 0.0 1.0
3.8924623115577885 0.0 1.0
3.923115577889447 0.0 1.0
3.953768844221105 0.0 1.0
3.9844221105527637 0.0 1.0
4.015075376884422 0.0 1.0
4.04572864321608 0.0 1.0
4.076381909547738 0.0 1.0
4.107035175879396 0.0 1.0
4.137688442211055 0.0 1.0
4.168341708542713 0.0 1.0
4.198994974874372 0.0 1.0
4.22964824120603 0.0 1.0
4.260301507537688 0.0 1.0
4.2909547738693465 0.0 1.0
4.321608040201005 0.0 1.0
4.352261306532663 0.0 1.0
4.382914572864321 0.0 1.0
4.41356783919598 0.0 1.0
4.444221105527638 0.0 1.0
4.474874371859296 0.0 1.0
4.505527638190955 0.0 1.0
4.536180904522613 0.0 1.0
4.566834170854271 0.0 1.0
4.597487437185929 0.0 1.0
4.628140703517587 0.0 1.0
4.6587939698492455 0.0 1.0
4.689447236180904 0.0 1.0
4.720100502512563 0.0 1.0
4.750753768844221 0.0 1.0
4.78140703517588 0.0 1.0
4.812060301507538 0.0 1.0
4.842713567839196 0.0 1.0
4.873366834170854 0.0 1.0
4.904020100502512 0.0 1.0
4.93467336683417 0.0 1.0
4.965326633165828 0.0 1.0
4.995979899497487 0.0 1.0
5.026633165829145 0.0 1.0
5.0572864321608035 0.0 1.0
5.0879396984924625 0.0 1.0
5.118592964824121 0.0 1.0
5.149246231155779 0.0 1.0
5.179899497487437 0.0 1.0
5.210552763819095 0.0 1.0
5.241206030150753 0.0 1.0
5.271859296482411 0.0 1.0
5.30251256281407 0.0 1.0
5.333165829145728 0.0 1.0
5.363819095477387 0.0 1.0
5.394472361809045 0.0 1.0
5.425125628140703 0.0 1.0
5.4557788944723615 0.0 1.0
5.48643216080402 0.0 1.0
5.517085427135678 0.0 1.0
5.547738693467336 0.0 1.0
5.578391959798995 0.0 1.0
5.609045226130653 0.0 1.0
5.639698492462311 0.0 1.0
5.67035175879397 0.0 1.0
5.701005025125628 0.0 1.0
5.731658291457286 0.0 1.0
5.762311557788944 0.0 1.0
5.792964824120602 0.0 1.0
5.8236180904522605 0.0 1.0
5.854271356783919 0.0 1.0
5.884924623115578 0.0 1.0
5.915577889447237 0.0 1.0
5.946231155778895 0.0 1.0
5.976884422110553 0.0 1.0
6.007537688442211 0.0 1.0
6.038190954773869 0.0 1.0
6.068844221105527 0.0 1.0
6.099497487437185 0.0 1.0
6.130150753768843 0.0 1.0
6.160804020100501 0.0 1.0
6.191457286432161 0.0 1.0
6.222110552763819 0.0 1.0
6.2527638190954775 0.0 1.0
6.283417085427136 0.0 1.0
6.314070351758794 0.0 1.0
6.344723618090452 0.0 1.0
6.37537688442211 0.0 1.0
6.406030150753768 0.0 1.0
6.436683417085426 0.0 1.0
6.467336683417084 0.0 1.0
6.497989949748744 0.0 1.0
6.528643216080402 0.0 1.0
6.55929648241206 0.0 1.0
6.589949748743718 0.0 1.0
6.6206030150753765 0.0 1.0
6.651256281407035 0.0 1.0
6.681909547738693 0.0 1.0
6.712562814070351 0.0 1.0
6.743216080402009 0.0 1.0
6.773869346733669 0.0 1.0
6.804522613065327 0.0 1.0
6.835175879396985 0.0 1.0
6.865829145728643 0.0 1.0
6.896482412060301 0.0 1.0
6.927135678391959 0.0 1.0
6.957788944723617 0.0 1.0
6.9884422110552755 0.0 1.0
7.019095477386934 0.0 1.0
7.049748743718592 0.0 1.0
7.080402010050252 0.0 1.0
7.11105527638191 0.0 1.0
7.141708542713568 0.0 1.0
7.172361809045226 0.0 1.0
7.203015075376884 0.0 1.0
7.233668341708542 0.0 1.0
7.2643216080402 0.0 1.0
7.294974874371858 0.0 1.0
7.325628140703516 0.0 1.0
7.356281407035176 0.0 1.0
7.386934673366834 0.0 1.0
7.4175879396984925 0.0 1.0
7.448241206030151 0.0 1.0
7.478894472361809 0.0 1.0
7.509547738693467 0.0 1.0
7.540201005025125 0.0 1.0
7.570854271356783 0.0 1.0
7.601507537688441 0.0 1.0
7.632160804020099 0.0 1.0
7.662814070351759 0.0 1.0
7.693467336683417 0.0 1.0
7.724120603015075 0.0 1.0
7.754773869346733 0.0 1.0
7.7854271356783915 0.0 1.0
7.81608040201005 0.0 1.0
7.846733668341708 0.0 1.0
7.877386934673366 0.0 1.0
7.908040201005024 0.0 1.0
7.938693467336684 0.0 1.0
7.969346733668342 0.0 1.0
8.0 0.0 1.0
