foreground.ecsv
# %ECSV 1.0
# ---
# datatype:
# - {name: wavelength, unit: um, datatype: float64}
# - {name: bin_width, unit: um, datatype: float64}
# - {name: radiance, unit: W / (sr um m2), datatype: float64}
# - {name: transmission, datatype: float64}
# meta: !!omap
# - __serialized_columns__:
#     bin_width:
#       __class__: astropy.units.quantity.Quantity
#       unit: &id001 !astropy.units.Unit {unit: um}
#       value: !astropy.table.SerializedColumn {name: bin_width}
#     radiance:
#       __class__: astropy.units.quantity.Quantity
#       unit: !astropy.units.Unit {unit: W / (sr um m2)}
#       value: !astropy.table.SerializedColumn {name: radiance}
#     wavelength:
#       __class__: astropy.units.quantity.Quantity
#       unit: *id001
#       value: !astropy.table.SerializedColumn {name: wavelength}
# schema: astropy-2.0
wavelength bin_width radiance transmission
1.618291558639097 0.009357402939217607 0.0 1.0
1.6276489615783145 0.009350489467072953 0.0 1.0
1.6369925375732428 0.009336662522783534 0.0 1.0
1.6463222866238816 0.009322835578493893 0.0 1.0
1.6556382087302306 0.009309008634204141 0.0 1.0
1.6649403038922899 0.009295181689914611 0.0 1.0
1.6742285721100598 0.009281354745625081 0.0 1.0
1.68350301338354 0.00926752780133544 0.0 1.0
1.6927636277127307 0.00925370085704591 0.0 1.0
1.7020104150976318 0.009239873912756158 0.0 1.0
1.711243375538243 0.009226046968466517 0.0 1.0
1.7204625090345649 0.009212220024177098 0.0 1.0
1.7296678155865972 0.009198393079887457 0.0 1.0
1.7388592951943398 0.009184566135597705 0.0 1.0
1.7480369478577926 0.009170739191308175 0.0 1.0
1.7572007735769561 0.009156912247018645 0.0 1.0
1.76635077235183 0.009143085302729004 0.0 1.0
1.7754869441824142 0.009129258358439474 0.0 1.0
1.7846092890687089 0.009115431414149833 0.0 1.0
1.7937178070107138 0.00910160446986008 0.0 1.0
1.802812498008429 0.00908777752557055 0.0 1.0
1.811893362061855 0.00907395058128102 0.0 1.0
1.820960399170991 0.00906012363699138 0.0 1.0
1.8300136093358377 0.009046296692701739 0.0 1.0
1.8390529925563945 0.009032469748412209 0.0 1.0
1.848078548832662 0.009018642804122567 0.0 1.0
1.8570902781646397 0.009004815859832926 0.0 1.0
1.866088180552328 0.008990988915543396 0.0 1.0
1.8750722559957265 0.008977161971253755 0.0 1.0
1.8840425044948355 0.008963335026964114 0.0 1.0
1.8929989260496547 0.008949508082674473 0.0 1.0
1.9019415206601844 0.008935681138384943 0.0 1.0
1.9108702883264246 0.008921854194095413 0.0 1.0
1.9197852290483752 0.008908027249805772 0.0 1.0
1.9286863428260361 0.008894200305516131 0.0 1.0
1.9375736296594075 0.00888037336122649 0.0 1.0
1.946447089548489 0.008866546416936849 0.0 1.0
1.9553067224932812 0.008852719472647319 0.0 1.0
1.9641525284937837 0.008838892528357678 0.0 1.0
1.9729845075499965 0.008825065584068037 0.0 1.0
1.9818026596619198 0.008811238639778507 0.0 1.0
1.9906069848295536 0.008797411695488977 0.0 1.0
1.9993974830528978 0.008783584751199225 0.0 1.0
2.008174154331952 0.008769757806909695 0.0 1.0
2.016936998666717 0.008755930862620165 0.0 1.0
2.0256860160571923 0.008742103918330413 0.0 1.0
2.034421206503378 0.008728276974040883 0.0 1.0
2.043142570005274 0.008714450029751353 0.0 1.0
2.0518501065628807 0.008700623085461823 0.0 1.0
2.0605438161761978 0.00868679614117207 0.0 1.0
2.069223698845225 0.008672969196882319 0.0 1.0
2.0778897545699624 0.008659142252592789 0.0 1.0
2.0865419833504104 0.008645315308303259 0.0 1.0
2.095180385186569 0.008631488364013729 0.0 1.0
2.103804960078438 0.008617661419723976 0.0 1.0
2.112415708026017 0.008603834475434446 0.0 1.0
2.1210126290293068 0.008590007531144916 0.0 1.0
2.1295957230883067 0.008576180586855164 0.0 1.0
2.138164990203017 0.008562353642565634 0.0 1.0
2.146720430373438 0.008548526698276104 0.0 1.0
2.1552620435995693 0.008534699753986574 0.0 1.0
2.163789829881411 0.008520872809696822 0.0 1.0
2.172303789218963 0.00850704586540707 0.0 1.0
2.1808039216122252 0.00849321892111754 0.0 1.0
2.189290227061198 0.00847939197682801 0.0 1.0
2.1977627055658813 0.00846556503253848 0.00011812560604713003 1.0
2.206221357126275 0.008451738088248728 0.0 1.0
2.2146661817423787 0.008437911143959198 0.0 1.0
2.2230971794141934 0.008424084199669668 0.0 1.0
2.231514350141718 0.008410257255379916 0.0 1.0
2.239917693924953 0.008396430311090386 0.0 1.0
2.248307210763899 0.008382603366800856 0.0 1.0
2.256682900658555 0.008368776422511326 0.0 1.0
2.2650447636089215 0.008354949478221574 0.0 1.0
2.273392799614998 0.008341122533932044 0.0 1.0
2.2817270086767856 0.008327295589642292 0.0 1.0
2.2900473907942827 0.00831346864535254 0.0 1.0
2.2983539459674907 0.008299641701063232 0.0 1.0
2.306646674196409 0.008285814756773702 0.0 1.0
2.314925575481038 0.00827198781248395 0.0 1.0
2.323190649821377 0.008258160868194198 0.0 1.0
2.3314418972174265 0.00824433392390489 0.0 1.0
2.339679317669187 0.00823050697961536 0.0 1.0
2.347902911176657 0.008216680035325385 0.0 1.0
2.3561126777398376 0.008202853091035855 0.0 1.0
2.364308617358729 0.008189026146746547 0.0 1.0
2.3724907300333307 0.008175199202456795 0.0 1.0
2.3806590157636425 0.008161372258167043 0.0 1.0
2.3888134745496648 0.008147545313877513 0.0 1.0
2.3969541063913975 0.008133718369587983 0.0 1.0
2.4050809112888407 0.008119891425298231 0.0 1.0
2.413193889241994 0.008106064481008701 0.0 1.0
2.421293040250858 0.008092237536719171 0.0 1.0
2.4293783643154323 0.00807841059242942 0.0 1.0
2.437449861435717 0.00806458364813989 0.0 1.0
2.445507531611712 0.008050756703850359 0.0 1.0
2.4535513748434177 0.008036929759560607 0.0 1.0
2.4615813911308333 0.008023102815271077 0.0 1.0
2.46959758047396 0.008009275870981547 0.0 1.0
2.4775999428727964 0.007995448926691795 0.0 1.0
2.4855884783273434 0.007981621982402265 0.0 1.0
2.493563186837601 0.007967795038112735 0.0 1.0
2.501524068403569 0.007953968093823205 0.0 1.0
2.5094711230252473 0.007940141149533453 0.0 1.0
2.517404350702636 0.0079263142052437 0.0 1.0
2.5253237514357347 0.00791248726095417 0.0 1.0
2.533229325224544 0.00789866031666464 0.0 1.0
2.541121072069064 0.00788483337237511 0.0 1.0
2.5489989919692944 0.00787100642808558 0.0 1.0
2.556863084925235 0.007857179483795829 0.0 1.0
2.564713350936886 0.007843352539506077 0.0 1.0
2.5725497900042473 0.007829525595216769 0.0 1.0
2.5803724021273196 0.007815698650927239 0.0 1.0
2.588181187306102 0.0078018717066372645 0.0 1.0
2.595976145540594 0.0077880447623477345 0.0 1.0
2.6037572768307973 0.0077742178180582044 0.0 1.0
2.6115245811767105 0.007760390873768674 0.0 1.0
2.6192780585783346 0.007746563929479144 0.0 1.0
2.627017709035669 0.007732736985189392 0.0 1.0
2.6347435325487134 0.007718910040899862 0.0 1.0
2.6424555291174685 0.00770508309661011 0.0 1.0
2.6501536987419336 0.00769125615232058 0.0 1.0
2.6578380414221097 0.00767742920803105 0.0 1.0
2.6655085571579957 0.007663602263741298 0.0 1.0
2.6731652459495923 0.007649775319451768 0.0 1.0
2.6808081077968993 0.007635948375162238 0.0 1.0
2.6884371426999167 0.007622121430872708 0.0 1.0
2.6960523506586447 0.007608294486582956 0.0 1.0
2.7036537316730826 0.007594467542293204 0.0 1.0
2.711241285743231 0.007580640598003896 0.0 1.0
2.7188150128690904 0.007566813653714366 0.0 1.0
2.72637491305066 0.007552986709424392 0.0 1.0
2.7339209862879392 0.007539159765134862 0.0 1.0
2.7414532325809295 0.007525332820845332 0.0 1.0
2.74897165192963 0.007511505876555802 0.0 1.0
2.756476244334041 0.007497678932266272 0.0 1.0
2.7639670097941624 0.00748385198797652 0.0 1.0
2.771443948309994 0.00747002504368699 0.0 1.0
2.7789070598815364 0.007456198099397238 0.0 1.0
2.7863563445087887 0.007442371155107708 0.0 1.0
2.793791802191752 0.007428544210818178 0.0 1.0
2.801213432930425 0.0074147172665284256 0.00013486690915568794 1.0
2.8086212367248087 0.0074008903222388955 0.0 1.0
2.816015213574903 0.0073870633779493655 0.0 1.0
2.8233953634807074 0.0073732364336598355 0.0 1.0
2.8307616864422225 0.0073594094893700834 0.0 1.0
2.8381141824594476 0.007345582545080553 0.0 1.0
2.8454528515323836 0.007331755600791023 0.0 1.0
2.8527776936610296 0.007317928656501271 0.0 1.0
2.860088708845386 0.007304101712211519 0.0 1.0
2.8673858970854527 0.007290274767921989 0.0 1.0
2.87466925838123 0.007276447823632681 0.0 1.0
2.881938792732718 0.007262620879342929 0.0 1.0
2.889194500139916 0.007248793935053177 0.0 1.0
2.8964363806028244 0.007234966990763647 0.0 1.0
2.9036644341214433 0.007221140046474117 0.0 1.0
2.9108786606957726 0.007207313102184587 0.0 1.0
2.9180790603258124 0.007193486157894835 0.0 1.0
2.9252656330115623 0.007179659213605083 0.0 1.0
2.9324383787530226 0.007165832269315775 0.0 1.0
2.939597297550194 0.007152005325026245 0.0 1.0
2.946742389403075 0.007138178380736271 0.0 1.0
2.9538736543116664 0.007124351436446741 0.0 1.0
2.9609910922759686 0.007110524492157433 0.0 1.0
2.9680947032959812 0.007096697547867681 0.0 1.0
2.975184487371704 0.007082870603577929 0.0 1.0
2.982260444503137 0.007069043659288399 0.0 1.0
2.9893225746902807 0.007055216714998869 0.0 1.0
2.996370877933135 0.007041389770709117 0.0 1.0
3.003405354231699 0.007027562826419587 0.0 1.0
3.010426003585974 0.007013735882130057 0.0 1.0
3.017432825995959 0.006999908937840527 0.0 1.0
3.024425821461655 0.006986081993550997 0.0 1.0
3.031404989983061 0.0069722550492610225 0.0 1.0
3.038370331560177 0.0069584281049714924 0.0 1.0
3.045321846193004 0.006944601160681962 0.0 1.0
3.052259533881541 0.006930774216392432 0.0 1.0
3.059183394625789 0.006916947272102902 0.0 1.0
3.066093428425747 0.00690312032781315 0.0 1.0
3.072989635281415 0.00688929338352362 0.0 1.0
3.079872015192794 0.00687546643923409 0.0 1.0
3.0867405681598834 0.006861639494944338 0.0 1.0
3.0935952941826828 0.006847812550654586 0.0 1.0
3.1004361932611926 0.006833985606365278 0.0 1.0
3.1072632653954133 0.006820158662075748 0.0 1.0
3.114076510585344 0.006806331717785774 0.0 1.0
3.120875928830985 0.006792504773496244 0.0 1.0
3.1276615201323366 0.006778677829206936 0.0 1.0
3.1344332844893987 0.006764850884917184 0.0 1.0
3.141191221902171 0.006751023940627432 0.0 1.0
3.1479353323706536 0.006737196996337902 0.0 1.0
3.1546656158948467 0.006723370052048372 0.0 1.0
3.1613820724747503 0.006709543107758842 0.0 1.0
3.1680847021103644 0.00669571616346909 0.0 1.0
3.1747735048016885 0.006681889219179338 0.0 1.0
3.181448480548723 0.00666806227489003 0.0 1.0
3.1881096293514686 0.0066542353306005 0.0 1.0
3.194756951209924 0.006640408386310748 0.0 1.0
3.20139044612409 0.006626581442020996 0.0 1.0
3.208010114093966 0.006612754497731466 0.0 1.0
3.214615955119553 0.006598927553441936 0.0 1.0
3.22120796920085 0.0065851006091521835 0.0 1.0
3.2277861563378574 0.0065712736648626535 0.0 1.0
3.2343505165305753 0.0065574467205731235 0.0 1.0
3.2409010497790036 0.0065436197762835935 0.0 1.0
3.2474377560831424 0.0065297928319940635 0.0 1.0
3.2539606354429917 0.006515965887704311 0.0 1.0
3.260469687858551 0.006502138943414559 0.0 1.0
3.266964913329821 0.006488311999125029 0.0 1.0
3.273446311856801 0.006474485054835499 0.0 1.0
3.279913883439492 0.006460658110545969 0.0 1.0
3.286367628077893 0.006446831166256217 0.0 1.0
3.2928075457720043 0.006433004221966687 0.0 1.0
3.2992336365218264 0.006419177277677157 0.0001557832034764835 1.0
3.3056459003273586 0.006405350333387405 0.0 1.0
3.3120443371886013 0.006391523389097653 0.0 1.0
3.318428947105554 0.006377696444808123 0.0 1.0
3.3247997300782175 0.006363869500518815 0.0 1.0
3.3311566861065915 0.006350042556229063 0.0 1.0
3.3374998151906756 0.006336215611939311 0.0 1.0
3.34382911733047 0.006322388667649781 0.0 1.0
3.350144592525975 0.006308561723360251 0.0 1.0
3.3564462407771907 0.006294734779070721 0.0 1.0
3.3627340620841166 0.006280907834781191 0.0 1.0
3.369008056446753 0.006267080890491439 0.0 1.0
3.3752682238650995 0.006253253946201687 0.0 1.0
3.3815145643391564 0.006239427001912157 0.0 1.0
3.387747077868924 0.006225600057622627 0.0 1.0
3.3939657644544017 0.006211773113333097 0.0 1.0
3.40017062409559 0.006197946169043345 0.0 1.0
3.4063616567924884 0.006184119224753815 0.0 1.0
3.4125388625450976 0.006170292280464285 0.0 1.0
3.418702241353417 0.0061564653361745325 0.0 1.0
3.4248517932174467 0.0061426383918850025 0.0 1.0
3.430987518137187 0.00612881144759525 0.0 1.0
3.437109416112637 0.00611498450330572 0.0 1.0
3.4432174871437984 0.00610115755901619 0.0 1.0
3.4493117312306696 0.006087330614726438 0.0 1.0
3.4553921483732513 0.00607350367043713 0.0 1.0
3.461458738571544 0.0060596767261476 0.0 1.0
3.4675115018255465 0.006045849781857626 0.0 1.0
3.473550438135259 0.006032022837568096 0.0 1.0
3.4795755475006827 0.006018195893278566 0.0 1.0
3.4855868299218162 0.006004368948989036 0.0 1.0
3.4915842853986607 0.005990542004699506 0.0 1.0
3.4975679139312152 0.005976715060409532 0.0 1.0
3.50353771551948 0.005962888116120002 0.0 1.0
3.5094936901634552 0.005949061171830694 0.0 1.0
3.515435837863141 0.005935234227540942 0.0 1.0
3.521364158618537 0.00592140728325119 0.0 1.0
3.5272786524296436 0.00590758033896166 0.0 1.0
3.5331793192964605 0.00589375339467213 0.0 1.0
3.539066159218988 0.0058799264503826 0.0 1.0
3.5449391721972257 0.00586609950609307 0.0 1.0
3.550798358231174 0.005852272561803318 0.0 1.0
3.5566437173208323 0.005838445617513566 0.0 1.0
3.562475249466201 0.005824618673224036 0.0 1.0
3.5682929546672804 0.005810791728934506 0.0 1.0
3.57409683292407 0.005796964784644976 0.0 1.0
3.5798868842365703 0.005783137840355224 0.0 1.0
3.5856631086047805 0.005769310896065694 0.0 1.0
3.5914255060287017 0.0057554839517761636 0.0 1.0
3.597174076508333 0.0057416570074864115 0.0 1.0
3.6029088200436745 0.0057278300631968815 0.0 1.0
3.6086297366347266 0.0057140031189073515 0.0 1.0
3.6143368262814892 0.005700176174617599 0.0 1.0
3.620030088983962 0.005686349230328069 0.0 1.0
3.6257095247421454 0.005672522286038539 0.0 1.0
3.631375133556039 0.005658695341748787 0.0 1.0
3.637026915425643 0.005644868397459257 0.0 1.0
3.6426648703509574 0.005631041453169727 0.0 1.0
3.6482889983319824 0.005617214508879975 0.0 1.0
3.6538992993687174 0.005603387564590445 0.0 1.0
3.6594957734611633 0.005589560620300915 0.0 1.0
3.665078420609319 0.005575733676011163 0.0 1.0
3.6706472408131856 0.005561906731721633 0.0 1.0
3.6762022340727625 0.005548079787431881 0.0 1.0
3.6817434003880494 0.005534252843142351 0.0 1.0
3.687270739759047 0.005520425898853043 0.0 1.0
3.6927842521857555 0.005506598954563291 0.0 1.0
3.6982839376681738 0.005492772010273539 0.0 1.0
3.7037697962063025 0.005478945065984009 0.0 1.0
3.7092418278001418 0.005465118121694479 0.0 1.0
3.7147000324496915 0.005451291177404727 0.0 1.0
3.7201444101549512 0.005437464233114975 0.0 1.0
3.7255749609159214 0.005423637288825667 0.0 1.0
3.7309916847326026 0.005409810344536137 0.0 1.0
3.7363945816049937 0.005395983400246385 0.0 1.0
3.7417836515330953 0.005382156455956633 0.0 1.0
3.747158894516907 0.005368329511667103 0.0 1.0
3.7525203105564295 0.005354502567377795 0.0 1.0
3.7578678996516626 0.0053406756230880426 0.0 1.0
3.7632016618026056 0.0053268486787982905 0.0 1.0
3.768521597009259 0.0053130217345087605 0.0 1.0
3.773827705271623 0.005299194790219008 0.0 1.0
3.779119986589697 0.005285367845929478 0.0 1.0
3.784398440963482 0.00527154090164017 0.0 1.0
3.7896630683929775 0.005257713957350418 0.0 1.0
3.794913868878183 0.005243887013060444 0.0 1.0
3.8001508424190984 0.005230060068771136 0.00019120239286944972 1.0
3.805373989015725 0.005216233124481828 0.0 1.0
3.810583308668062 0.005202406180191854 0.0 1.0
3.815778801376109 0.005188579235902102 0.0 1.0
3.8209604671398663 0.005174752291612572 0.0 1.0
3.826128305959334 0.005160925347323264 0.0 1.0
3.831282317834513 0.005147098403033734 0.0 1.0
3.8364225027654015 0.005133271458743982 0.0 1.0
3.8415488607520007 0.00511944451445423 0.0 1.0
3.84666139179431 0.0051056175701647 0.0 1.0
3.85176009589233 0.00509179062587517 0.0 1.0
3.8568449730460603 0.005077963681585418 0.0 1.0
3.861916023255501 0.005064136737295888 0.0 1.0
3.866973246520652 0.005050309793006358 0.0 1.0
3.8720166428415137 0.005036482848716606 0.0 1.0
3.8770462122180853 0.005022655904427076 0.0 1.0
3.882061954650368 0.005008828960137546 0.0 1.0
3.8870638701383604 0.004995002015847794 0.0 1.0
3.8920519586820634 0.004981175071558264 0.0 1.0
3.897026220281477 0.004967348127268734 0.0 1.0
3.901986654936601 0.004953521182978982 0.0 1.0
3.906933262647435 0.004939694238689452 0.0 1.0
3.91186604341398 0.0049258672943999215 0.0 1.0
3.9167849972362347 0.0049120403501101695 0.0 1.0
3.9216901241142 0.0048982134058206395 0.0 1.0
3.926581424047876 0.0048843864615311094 0.0 1.0
3.9314588970372624 0.004870559517241579 0.0 1.0
3.936322543082359 0.004856732572951827 0.0 1.0
3.941172362183166 0.004842905628662075 0.0 1.0
3.9460083543396833 0.004829078684372545 0.0 1.0
3.950830519551911 0.004815251740083015 0.0 1.0
3.9556388578198494 0.004801424795793485 0.0 1.0
3.960433369143498 0.004787597851503733 0.0 1.0
3.965214053522857 0.004773770907214203 0.0 1.0
3.9699809109579265 0.004759943962924673 0.0 1.0
3.974733941448706 0.004746117018635143 0.0 1.0
