foreground.ecsv
# %ECSV 1.0
# ---
# datatype:
# - {name: wavelength, unit: um, datatype: float64}
# - {name: bin_width, unit: um, datatype: float64}
# - {name: radiance, unit: W / (sr um m2), datatype: float64}
# - {name: transmission, datatype: float64}
# meta: !!omap
# - __serialized_columns__:
#     bin_width:
#       __class__: astropy.units.quantity.Quantity
#       unit: &id001 !astropy.units.Unit {unit: um}
#       value: !astropy.table.SerializedColumn {name: bin_width}
#     radiance:
#       __class__: astropy.units.quantity.Quantity
#       unit: !astropy.units.Unit {unit: W / (sr um m2)}
#       value: !astropy.table.SerializedColumn {name: radiance}
#     wavelength:
#       __class__: astropy.units.quantity.Quantity
#       unit: *id001
#       value: !astropy.table.SerializedColumn {name: wavelength}
# schema: astropy-2.0
wavelength bin_width radiance transmission
[from data line 336]
3.9841985215973974 0.004718463130055639 0.0 1.0
3.988910071255308 0.004704636185766109 0.0 1.0
3.9936077939689296 0.004690809241476579 0.0 1.0
3.998291689738261 0.015887627887372968 0.0 1.0
4.025383049743676 0.04048363268799138 0.0 1.0
4.079258955114244 0.053714515398471274 0.0 1.0
4.132812080540618 0.05339173545427656 0.0 1.0
4.186042426022797 0.05306895551008184 0.0 1.0
4.238949991560782 0.05274617556588668 0.0 1.0
4.29153477715457 0.05242339562169196 0.0 1.0
4.343796782804166 0.052100615677497686 0.0 1.0
4.395736008509566 0.051777835733302524 0.0 1.0
4.447352454270771 0.051455055789107806 0.0 1.0
4.498646120087781 0.05113227584491309 0.0 1.0
4.549617005960597 0.05080949590071793 0.0 1.0
4.600265111889217 0.05048671595652321 0.0 1.0
4.650590437873643 0.050163936012328936 0.0 1.0
4.700592983913875 0.049841156068133774 2.006374006720433e-05 1.0
4.750272750009911 0.049518376123939056 0.0 1.0
4.799629736161753 0.04919559617974434 0.0 1.0
4.8486639423694 0.04887281623554918 0.0 1.0
4.897375368632852 0.0485500362913549 0.0 1.0
4.945764014952109 0.04822725634715974 0.0 1.0
4.993829881327171 0.047904476402965024 0.0 1.0
5.041572967758039 0.047581696458770306 0.0 1.0
5.088993274244712 0.04725891651457559 0.0 1.0
5.136090800787191 0.04693613657038087 0.0 1.0
5.1828655473854734 0.04661335662618571 0.0 1.0
5.229317514039562 0.04629057668199099 0.0 1.0
5.275446700749455 0.045967796737796274 0.0 1.0
5.321253107515155 0.045645016793602 0.0 1.0
5.366736734336659 0.04532223684940684 0.0 1.0
5.411897581213968 0.04499945690521168 0.0 1.0
5.456735648147083 0.0446766769610174 0.0 1.0
5.501250935136003 0.044353897016822685 0.0 1.0
5.545443442180728 0.044031117072627524 0.0 1.0
5.589313169281258 0.043708337128432806 0.0 1.0
5.632860116437594 0.04338555718423809 0.0 1.0
5.676084283649734 0.04306277724004337 0.0 1.0
5.7189856709176805 0.04273999729584865 0.0 1.0
5.761564278241432 0.04241721735165349 0.0 1.0
5.8038201056209875 0.042094437407458773 0.0 1.0
5.845753153056349 0.041771657463264056 0.0 1.0
5.887363420547516 0.04144887751906934 2.4126105695864288e-05 1.0
5.928650908094488 0.04112609757487462 0.0 1.0
5.969615615697265 0.0408033176306799 0.0 1.0
6.010257543355848 0.040480537686485185 0.0 1.0
6.050576691070235 0.04015775774229002 0.0 1.0
6.090573058840428 0.039834977798095306 0.0 1.0
6.130246646666426 0.03951219785390059 0.0 1.0
6.169597454548229 0.03918941790970587 0.0 1.0
6.208625482485838 0.03886663796551115 0.0 1.0
6.247330730479251 0.03854385802131599 0.0 1.0
6.2857131985284695 0.03822107807712127 0.0 1.0
6.323772886633494 0.037898298132927 0.0 1.0
6.3615097947943235 0.03757551818873228 0.0 1.0
6.398923923010958 0.03725273824453712 0.0 1.0
6.436015271283398 0.03692995830034196 0.0 1.0
6.472783839611642 0.03660717835614724 0.0 1.0
6.509229627995692 0.03628439841195297 0.0 1.0
6.545352636435548 0.03596161846775825 0.0 1.0
6.581152864931209 0.03563883852356309 0.0 1.0
6.616630313482674 0.03531605857936837 0.0 1.0
6.6517849820899455 0.03499327863517365 0.0 1.0
6.686616870753022 0.034670498690978935 0.0 1.0
6.721125979471903 0.03434771874678422 0.0 1.0
6.75531230824659 0.034024938802589055 0.0 1.0
6.7891758570770815 0.03370215885839434 0.0 1.0
6.822716625963379 0.03337937891419962 0.0 1.0
6.855934614905481 0.0330565989700049 0.0 1.0
6.8888298239033885 0.032733819025810185 3.054944487875103e-05 1.0
6.921402252957101 0.03241103908161502 0.0 1.0
6.9536519020666185 0.032088259137420305 0.0 1.0
6.985578771231942 0.03176547919322603 0.0 1.0
7.017182860453071 0.03144269924903087 0.0 1.0
7.0484641697300034 0.031119919304836152 0.0 1.0
7.079422699062743 0.030797139360641435 0.0 1.0
7.110058448451286 0.030474359416446717 0.0 1.0
7.140371417895636 0.030151579472252 0.0 1.0
7.17036160739579 0.029828799528056393 0.0 1.0
7.200029016951749 0.02950601958386212 0.0 1.0
7.2293736465635146 0.029183239639667846 0.0 1.0
7.258395496231085 0.028860459695472684 0.0 1.0
7.28709456595446 0.028537679751277523 0.0 1.0
7.31547085573364 0.02821489980708325 0.0 1.0
7.343524365568626 0.02789211986288853 0.0 1.0
7.371255095459417 0.02756933991869337 0.0 1.0
7.398663045406013 0.027246559974498652 0.0 1.0
7.425748215408414 0.026923780030303934 0.0 1.0
7.452510605466621 0.026601000086109217 0.0 1.0
7.478950215580633 0.026278220141914055 0.0 1.0
7.505067045750449 0.025955440197719337 0.0 1.0
7.530861095976071 0.02563266025352462 0.0 1.0
7.556332366257498 0.025309880309329902 0.0 1.0
7.581480856594731 0.02498710036513563 0.0 1.0
7.60630656698777 0.024664320420940467 0.0 1.0
7.630809497436612 0.024341540476745305 0.0 1.0
7.65498964794126 0.02401876053255103 0.0 1.0
7.678847018501714 0.023695980588356313 0.0 1.0
7.702381609117973 0.02337320064416115 4.278404208410411e-05 1.0
7.725593419790036 0.023050420699966434 0.0 1.0
7.748482450517906 0.022727640755771716 0.0 1.0
7.77104870130158 0.022404860811577 0.0 1.0
7.79329217214106 0.022082080867381837 0.0 1.0
7.8152128630363435 0.02175930092318712 0.0 1.0
7.836810773987434 0.021436520978992846 0.0 1.0
7.858085904994329 0.021113741034797684 0.0 1.0
7.879038256057029 0.020790961090602522 0.0 1.0
7.899667827175534 0.02046818114640825 0.0 1.0
7.919974618349846 0.020145401202213975 0.0 1.0
7.939958629579962 0.019822621258018813 0.0 1.0
7.9596198608658835 0.01949984131382365 0.0 1.0
7.9789583122076095 0.01917706136962849 0.0 1.0
7.9979739836051404 0.018854281425434216 0.0 1.0
8.016666875058478 0.018531501481239943 0.0 1.0
8.03503698656762 0.01820872153704478 0.0 1.0
8.053084318132568 0.01788594159284962 0.0 1.0
8.07080886975332 0.017724551620752038 0.0 1.0
